101.10 + 102.25 = 203.35
10.10 - 12.23 = -2.13
101.23 x 10.23 = 1,035.58
10.23 / 23.45 = 0.44
4,650.23 % 2,302.12 = 2.02
-1,000,000.48 + 9,999,999.25 = 8,999,998.77
-99,999,999.32 - 0.23 = -99,999,999.55
99,999,999.23 % 1.00 = 99,999,999.23
-5,000,000.48 + 1,000,000.25 = -4,000,000.23
100,000,000.00 - 123,456.78 = 99,876,543.22
123,456,789.00 x 987,654.32 = 121,932,630,989,178.47
10,000,000.00 / 0.10 = 100,000,000.00
123,456,789.01 % 45,678.90 = 2,702.71
-500,000.99 + 100,000,000.01 = 99,499,999.02
987,654,321.00 - 123,456.78 = 987,530,864.22
999,999,999.00 x 0.10 = 99,999,999.90
1,000,000.00 / 0.10 = 10,000,000.00
987,654,321.00 % 99,999,999.00 = 9.88
-999,999,999.00 + 88,888,888.00 = -911,111,111.00
123,456,789.00 x 0.01 = 1,234,567.89
0.00 x 99,999,999.00 = 10.00
456,789,123.00 + 123,456,789.00 = 580,245,912.00
123,456,789.00 / 0.01 = 12,345,678,900.00
123,456,789.00 % 0.01 = 12,345,678,900.00
567,890,123.00 - 12,345,678.00 = 555,544,445.00
0.00 x 123,456,789.00 = 1.23
99,999,999.90 / 1.00 = 99,999,999.90
1.00 % 999,999,999.00 = 0.00
-100,000.00 + 500,000.00 = 400,000.00
99,999,999.00 x 1.00 = 99,999,999.00
100.00 / 0.00 = undefined
100.00 % 0.00 = undefined
0.00 / 100.00 = 0.00
0.00 % 100.00 = 0.00
